682
3188
6242
6854
7840
1081
1553
3845
7424
5089
554
8309
2156
2142
1943
4649
3825
4451
1806
1370
3884
6338
5749
1487
7136
3130
3341
9790
1250
6876
9622
2803
2589
7777
5697
5427
6402
2248
2650
7747
3998
3737
267
1111
9417
5310
7614
2811
7258
2585
4870
5733
764
5429
6881
4407
2501
740
295
6247
6198
1601
3340
59
8909
5209
8768
6560
138
9215
6773
1036
3200
1783
3287
7193
7433
5134
9807
5112
8992
1012
8900
7270
6408
8314
2662
3307
4261
5866
7789
1270
7186
9940
5963
4642
7784
7655
3594
3257
4599
904
3179
8690
163
7685
9689
2782
3069
796
6973
9147
2063
4119
6752
1085
7531
5800
2484
56
725
895
8167
6068
1881
8567
3062
5495
9294
6804
2738
8160
5548
1129
6592
6519
2364
8387
8280
3875
9510
6856
1064
9226
2161
6585
2286
612
4281
346
6818
7123
5955
2472
8694
4976
8698
6029
5915
7203
9440
2689
4026
1407
7226
8431
8411
9402
3664
8205
6087
7614
7405
5844
3597
6625
3921
1225
3735
4171
6320
6090
64
4560
9678
6864
6418
5947
606
7846
4866
2869
9510
9712
310
3298
3617
3792
7628
6489
6664
8582
7705
5134
163
7732
524
2321
7574
3651
6981
3425
2489
2724
1436
310
8440
3239
1906
6862
2110
7628
673
5952
8033
1527
9246
2644
4764
8322
6074
5383
4062
7434
9055
732
1665
6973
3925
5345
4740
8835
1985
3553
7811
6327
4666
4568
7180
5168
4087
9065
2559
6470
7294
15
2648
1498
5797
8791
7251
7261
729
7438
9828
4233
5569
4988
1300
5168
1385
322
7087
4954
4962
8678
396
2185
3691
9257
6071
5323
3612
5731
1031
634
1152
523
5411
6344
5413
8401
7237
5655
3772
223
1446
3778
6467
7393
7860
8064
9609
7121
8505
5767
7519
577
3333
5384
461
52
5140
699
4184
5643
1418
7002
741
6812
5256
8667
7579
2069
1108
8415
6016
6550
3945
5306
9076
8080
3906
8009
8630
6254
7154
2639
6537
9498
2579
7820
7131
734
8825
2868
54
5901
3113
3448
6963
1647
3521
1019
9364
2878
740
5370
8286
5170
8771
4426
5501
709
5102
7646
895
2694
6028
1771
5454
779
7325
6379
9788
7635
9134
3280
8427
6373
7312
5220
7063
9854
3478
9094
3907
5874
6835
3830
5554
2492
7075
3925
6321
8123
5099
7545
5188
234
6380
4693
8361
7181
6587
2757
6250
9323
1585
2641
8895
3125
1191
393
8761
8452
1381
8293
1935
6620
5767
9281
9962
6645
5017
5337
4931
7126
9044
4674
4719
6798
7250
3032
2898
5029
4578
8675
4399
3667
986
4620
8481
1360
8800
4175
6018
2194
8872
8709
1465
4607
7982
4531
6474
8938
1263
1561
7275
3354
9817
2036
7002
7472
2834
6612
3332
4233
2363
2166
1397
9092
1821
7260
2412
3567
3376
6585
2049
3307
2111
9169
1289
3077
512
1153
6479
2145
9597
2860
9648
7303
9571
9937
5321
5511
5758
5218
8712
1052
5567
7602
1716
5333
9146
6251
5029
9577
2748
7891
1247
1534
3416
9506
8525
54
7115
1152
6079
9544
249
3604
1730
6786
6137
9482
3950
222
893
8906
5735
5150
8839
9854
3340
6741
4428
6882
556
200
7918
6593
4071
1244
7992
5136
376
1056
6697
5622
7071
8477
8003
6652
7294
4447
8014
1843
1890
8248
6875
720
5136
9556
6744
6826
9878
6834
9657
5579
3569
1890
7474
687
9586
9720
3351
4523
9147
3581
5412
1184
141
6532
6908
4611
3984
8720
7435
1569
3970
4883
2268
2294
4235
2415
2972
2614
59
9786
9986
3273
6949
9400
7165
4457
3965
7256
1276
4485
7348
9203
6157
6247
8079
2002
6848
3172
6468
4813
3224
7293
2342
6381
9588
3386
3099
9391
9072
7951
4871
9895
2803
8969
1656
984
7732
8794
9201
3458
7309
6725
7706
437
8509
5803
6883
3330
1341
4166
5733
9846
7899
2370
1846
6150
7608
9447
8029
2804
3489
8649
1704
643
6753
9976
1401
9671
8287
3925
6399
4090
3182
8482
1641
4219
1707
9612
3261
4198
9725
3441
7271
